---- csiq ----
  noise 	 plcc  	 srcc  	 rmse 

      1 	 0.8806 	 0.8803 	 0.0795
      2 	 0.9733 	 0.9561 	 0.0703
      3 	 0.9470 	 0.9375 	 0.1015
      4 	 0.8937 	 0.8885 	 0.1014
      5 	 0.9706 	 0.9648 	 0.0690
      6 	 0.9104 	 0.9051 	 0.0697
--------------------------------

overall 	 0.9129 	 0.9138 	 0.1071
--------------------------------

---- tid2013 ----
  noise 	 plcc  	 srcc  	 rmse 

      1 	 0.9155 	 0.9037 	 0.2854
      2 	 0.8134 	 0.7843 	 0.3402
      3 	 0.9053 	 0.9011 	 0.3253
      4 	 0.6606 	 0.6266 	 0.4514
      5 	 0.9393 	 0.8840 	 0.3484
      6 	 0.8904 	 0.8978 	 0.2673
      7 	 0.8146 	 0.8137 	 0.5557
      8 	 0.9576 	 0.9626 	 0.3597
      9 	 0.9443 	 0.9276 	 0.5152
     10 	 0.9501 	 0.9163 	 0.4699
     11 	 0.9580 	 0.9329 	 0.4887
     12 	 0.8972 	 0.8739 	 0.5438
     13 	 0.9012 	 0.9038 	 0.4134
     14 	 0.7782 	 0.7571 	 0.5358
     15 	 0.1868 	 0.1553 	 0.4667
     16 	 0.7780 	 0.7666 	 0.4028
     17 	 0.3748 	 0.2563 	 1.1248
     18 	 0.6284 	 0.6339 	 0.5749
     19 	 0.8924 	 0.8877 	 0.3249
     20 	 0.9076 	 0.8917 	 0.4447
     21 	 0.8049 	 0.8204 	 0.6615
     22 	 0.9131 	 0.9002 	 0.4451
     23 	 0.9686 	 0.8850 	 0.3633
     24 	 0.9464 	 0.9319 	 0.6002
--------------------------------

overall 	 0.7998 	 0.8003 	 0.7441
--------------------------------

---- live ----
  noise 	 plcc  	 srcc  	 rmse 

      1 	 0.9440 	 0.9366 	 8.3230
      2 	 0.9569 	 0.9673 	 9.2501
      3 	 0.9520 	 0.9759 	 8.5609
      4 	 0.9416 	 0.9390 	 6.2191
      5 	 0.9024 	 0.9352 	 12.2840
--------------------------------

overall 	 0.9073 	 0.9163 	 11.4877
--------------------------------

